  -8.3963086e+00   4.9751591e+00   3.3460745e+00   1.7966786e+00   3.8655390e+00             NaN             NaN             NaN             NaN             NaN
  -1.0000000e+01   4.7773548e+00   3.7291210e+00   4.6067120e+00   4.3589245e+00             NaN             NaN             NaN             NaN             NaN
  -6.2822589e+00   3.2604013e+00   3.0186021e+00   3.1243152e+00   3.0684769e+00             NaN             NaN             NaN             NaN             NaN
  -1.0000000e+01   6.5043776e+00   3.8821038e+00   2.8964452e+00   2.7582289e+00             NaN             NaN             NaN             NaN             NaN
  -6.0570742e+00   2.3784998e+00   2.9603570e+00   3.2220766e+00   3.1991581e+00             NaN             NaN             NaN             NaN             NaN
  -6.6105125e+00   2.8045644e+00   3.2859285e+00   3.3914531e+00   3.1160707e+00             NaN             NaN             NaN             NaN             NaN
  -3.3259337e+00   2.2694031e+00   2.0451861e+00   1.8930101e+00   1.6268447e+00             NaN             NaN             NaN             NaN             NaN
  -6.7741924e+00   3.5438435e+00   2.5973168e+00   2.6179862e+00   3.7872238e+00             NaN             NaN             NaN             NaN             NaN
  -6.3094236e+00   3.0204431e+00   3.0832015e+00   3.0085085e+00   3.1553992e+00             NaN             NaN             NaN             NaN             NaN
  -5.4143824e+00   2.6345087e+00   2.7147192e+00   2.8051933e+00   2.8162001e+00             NaN             NaN             NaN             NaN             NaN
